4294967278,389
4294967278,388
4294967294,77
97,5
97,4
97,3
97,2
97,1
97,0
96,4
96,3
96,2
96,1
96,0
4294967294,1022
95,5
95,4
95,3
95,2
95,1
95,0
4294967294,1021
94,4
94,3
94,2
94,1
94,0
4294967294,1020
93,5
93,4
93,3
93,2
93,1
93,0
4294967294,1019
92,4
92,3
92,2
92,1
92,0
4294967294,1018
91,5
91,4
91,3
91,2
91,1
91,0
90,4
90,3
90,2
90,1
90,0
4294967294,1017
89,4
89,3
89,2
89,1
89,0
4294967294,1016
88,4
88,3
88,2
88,1
88,0
4294967294,133
87,4
87,3
87,2
87,1
87,0
86,4
86,3
86,2
86,1
86,0
4294967294,1015
4294967294,1012
85,4
85,3
85,2
85,1
85,0
84,4
84,3
84,2
84,1
84,0
4294967279,392
4294967279,391
83,5
83,4
83,3
83,2
83,1
83,0
4294967278,387
4294967278,386
82,4
82,3
82,2
82,1
82,0
4294967278,385
4294967278,384
81,5
81,4
81,3
81,2
81,1
81,0
80,4
80,3
80,2
80,1
80,0
4294967279,390
4294967278,383
79,5
79,4
79,3
79,2
79,1
79,0
78,5
78,4
78,3
78,2
78,1
78,0
77,4
77,3
77,2
77,1
77,0
76,4
76,3
76,2
76,1
76,0
75,4
75,3
75,2
75,1
75,0
74,4
74,3
74,2
74,1
74,0
4294967279,389
73,4
73,3
73,2
73,1
73,0
72,4
72,3
72,2
72,1
72,0
4294967279,388
4294967294,970
71,5
71,4
71,3
71,2
71,1
71,0
4294967278,382
70,4
70,3
70,2
70,1
70,0
69,5
69,4
69,3
69,2
69,1
69,0
68,5
68,4
68,3
68,2
68,1
68,0
67,4
67,3
67,2
67,1
67,0
4294967279,387
4294967278,381
66,5
66,4
66,3
66,2
66,1
66,0
4294967279,386
65,5
65,4
65,3
65,2
65,1
65,0
4294967279,385
4294967279,384
4294967293,131
4294967293,130
4294967293,129
4294967293,128
4294967293,127
4294967293,126
4294967293,125
4294967293,124
4294967293,123
4294967293,122
4294967293,121
4294967293,120
4294967293,119
4294967293,118
4294967293,117
4294967293,116
4294967293,115
4294967293,114
4294967293,113
4294967293,112
4294967293,111
4294967293,110
4294967293,109
4294967293,108
4294967293,107
4294967293,106
4294967293,105
4294967293,104
4294967293,103
4294967293,102
4294967293,101
4294967293,100
4294967293,99
4294967293,98
4294967293,97
4294967293,96
4294967293,95
4294967293,94
4294967293,93
4294967293,92
4294967293,91
4294967293,90
4294967293,89
4294967293,88
4294967293,87
4294967293,86
4294967293,85
4294967293,84
4294967293,83
4294967293,82
4294967293,81
4294967293,80
4294967293,79
4294967293,78
4294967293,77
4294967293,76
4294967293,75
4294967293,74
4294967293,73
4294967293,72
4294967293,71
4294967293,70
4294967293,69
4294967293,68
4294967293,67
4294967293,66
4294967293,65
4294967293,64
4294967293,63
4294967293,62
4294967293,61
4294967293,60
4294967293,59
4294967293,58
4294967293,57
4294967293,56
4294967293,55
4294967293,54
4294967293,53
4294967293,52
4294967293,51
4294967293,50
4294967293,49
4294967293,48
4294967293,47
4294967293,46
4294967293,45
4294967293,44
4294967293,43
4294967293,42
4294967293,41
4294967293,40
4294967293,39
4294967293,38
4294967293,37
4294967293,36
4294967293,35
4294967293,34
4294967293,33
4294967293,32
4294967293,31
4294967293,30
4294967293,29
4294967293,28
4294967293,27
4294967293,26
4294967293,25
4294967293,24
4294967293,23
4294967293,22
4294967293,21
4294967293,20
4294967293,19
4294967293,18
4294967293,17
4294967293,16
4294967293,15
4294967293,14
4294967293,13
4294967293,12
4294967293,11
4294967293,10
4294967293,9
4294967293,8
4294967293,7
4294967293,6
4294967293,5
4294967293,4
4294967293,3
4294967293,2
4294967293,0
4294967278,159
4294967278,47
4294967278,308
4294967278,158
4294967278,46
4294967278,307
4294967278,157
4294967278,45
4294967278,156
4294967278,44
